function mpc = case57_SE
%CASE57_SE

%% MATPOWER Case Format : Version 2
mpc.version = '2';

%%-----  Power Flow Data  -----%%
%% system MVA base
mpc.baseMVA = 100;

%% bus data
%	bus_i	type	Pd	Qd	Gs	Bs	area	Vm	Va	baseKV	zone	Vmax	Vmin
mpc.bus = [
	1	3	55	17	0	0	1	1.04	0	0	1	1.06	0.94;
	2	2	3	88	0	0	1	1.01	-1.18816284	0	1	1.06	0.94;
	3	2	41	21	0	0	1	0.985	-5.98812672	0	1	1.06	0.94;
	4	1	0	0	0	0	1	0.980779628	-7.33736538	0	1	1.06	0.94;
	5	1	13	4	0	0	1	0.976498679	-8.5464095	0	1	1.06	0.94;
	6	2	75	2	0	0	1	0.98	-8.67411976	0	1	1.06	0.94;
	7	1	0	0	0	0	1	0.984201657	-7.60139768	0	1	1.06	0.94;
	8	2	150	22	0	0	1	1.005	-4.47791166	0	1	1.06	0.94;
	9	2	121	26	0	0	1	0.98	-9.58467153	0	1	1.06	0.94;
	10	1	5	2	0	0	1	0.986242027	-11.4496577	0	1	1.06	0.94;
	11	1	0	0	0	0	1	0.9739623	-10.1932486	0	1	1.06	0.94;
	12	2	377	24	0	0	1	1.015	-10.471211	0	1	1.06	0.94;
	13	1	18	2.3	0	0	1	0.978887415	-9.80351812	0	1	1.06	0.94;
	14	1	10.5	5.3	0	0	1	0.970176849	-9.35030557	0	1	1.06	0.94;
	15	1	22	5	0	0	1	0.988031614	-7.19016974	0	1	1.06	0.94;
	16	1	43	3	0	0	1	1.01336863	-8.85893533	0	1	1.06	0.94;
	17	1	42	8	0	0	1	1.01745427	-5.39589313	0	1	1.06	0.94;
	18	1	27.2	9.8	0	10	1	1.00065923	-11.7296389	0	1	1.06	0.94;
	19	1	3.3	0.6	0	0	1	0.970157847	-13.2265062	0	1	1.06	0.94;
	20	1	2.3	1	0	0	1	0.963790166	-13.4443088	0	1	1.06	0.94;
	21	1	0	0	0	0	1	1.00849826	-12.9290054	0	1	1.06	0.94;
	22	1	0	0	0	0	1	1.00974399	-12.8743092	0	1	1.06	0.94;
	23	1	6.3	2.1	0	0	1	1.00832989	-12.9395573	0	1	1.06	0.94;
	24	1	0	0	0	0	1	0.999233039	-13.2921201	0	1	1.06	0.94;
	25	1	6.3	3.2	0	5.9	1	0.982520777	-18.1732262	0	1	1.06	0.94;
	26	1	0	0	0	0	1	0.958818251	-12.9812574	0	1	1.06	0.94;
	27	1	9.3	0.5	0	0	1	0.981541101	-11.5136204	0	1	1.06	0.94;
	28	1	4.6	2.3	0	0	1	0.996677987	-10.4816083	0	1	1.06	0.94;
	29	1	17	2.6	0	0	1	1.01021987	-9.77177796	0	1	1.06	0.94;
	30	1	3.6	1.8	0	0	1	0.962661348	-18.7196455	0	1	1.06	0.94;
	31	1	5.8	2.9	0	0	1	0.93593245	-19.3838048	0	1	1.06	0.94;
	32	1	1.6	0.8	0	0	1	0.949874718	-18.5123362	0	1	1.06	0.94;
	33	1	3.8	1.9	0	0	1	0.947580648	-18.5520067	0	1	1.06	0.94;
	34	1	0	0	0	0	1	0.959200035	-14.1489642	0	1	1.06	0.94;
	35	1	6	3	0	0	1	0.966211937	-13.9061916	0	1	1.06	0.94;
	36	1	0	0	0	0	1	0.975828097	-13.6348162	0	1	1.06	0.94;
	37	1	0	0	0	0	1	0.984886491	-13.4459203	0	1	1.06	0.94;
	38	1	14	7	0	0	1	1.01281249	-12.7346231	0	1	1.06	0.94;
	39	1	0	0	0	0	1	0.982823076	-13.4910325	0	1	1.06	0.94;
	40	1	0	0	0	0	1	0.97281069	-13.6582385	0	1	1.06	0.94;
	41	1	6.3	3	0	0	1	0.996216752	-14.0766801	0	1	1.06	0.94;
	42	1	7.1	4.4	0	0	1	0.966525946	-15.5327899	0	1	1.06	0.94;
	43	1	2	1	0	0	1	1.00956379	-11.3543904	0	1	1.06	0.94;
	44	1	12	1.8	0	0	1	1.0167986	-11.8564642	0	1	1.06	0.94;
	45	1	0	0	0	0	1	1.03600497	-9.27009499	0	1	1.06	0.94;
	46	1	0	0	0	0	1	1.05979746	-11.1160699	0	1	1.06	0.94;
	47	1	29.7	11.6	0	0	1	1.03325137	-12.51159	0	1	1.06	0.94;
	48	1	0	0	0	0	1	1.02735055	-12.6106565	0	1	1.06	0.94;
	49	1	18	8.5	0	0	1	1.03624558	-12.936082	0	1	1.06	0.94;
	50	1	21	10.5	0	0	1	1.02333611	-13.4127121	0	1	1.06	0.94;
	51	1	18	5.3	0	0	1	1.05226209	-12.5333981	0	1	1.06	0.94;
	52	1	4.9	2.2	0	0	1	0.980368499	-11.49756	0	1	1.06	0.94;
	53	1	20	10	0	6.3	1	0.970945515	-12.2525906	0	1	1.06	0.94;
	54	1	4.1	1.4	0	0	1	0.996318797	-11.7096563	0	1	1.06	0.94;
	55	1	6.8	3.4	0	0	1	1.03078604	-10.801127	0	1	1.06	0.94;
	56	1	7.6	2.2	0	0	1	0.968368536	-16.0650692	0	1	1.06	0.94;
	57	1	6.7	2	0	0	1	0.964826006	-16.5836973	0	1	1.06	0.94;
];

%%  PMU voltage data (confidence intervals around measurements)
%	bus_i	VR_MAX	VR_MIN	VI_MAX	VI_MIN
mpc.Vpmu = [
	3	0.979625	0.979625	-0.102758	-0.102758;
	5	0.965655	0.965655	-0.145118	-0.145118;
	7	0.975553	0.975553	-0.130191	-0.130191;
	8	1.00254	1.00115	-0.0784079	-0.0785275;
	18	0.979763	0.979763	-0.203428	-0.203428;
	23	0.983331	0.982103	-0.225629	-0.225965;
	33	0.89834	0.89834	-0.301487	-0.301487;
	34	0.930101	0.930101	-0.23447	-0.23447;
	38	0.987899	0.987899	-0.22326	-0.22326;
	39	0.955703	0.955703	-0.229286	-0.229286;
	41	0.966899	0.965704	-0.242132	-0.242489;
	42	0.931876	0.930577	-0.258641	-0.259031;
	46	1.04074	1.0391	-0.204169	-0.204461;
	51	1.02719	1.02719	-0.22835	-0.22835;
	53	0.948829	0.948829	-0.206056	-0.206056;
	56	0.930552	0.930552	-0.267976	-0.267976;
	57	0.925428	0.923981	-0.2752	-0.275596;
];

%% PMU current injection data (confidence intervals around measurements)
%	bus_i	IR_MAX	IR_MIN	II_MAX	II_MIN
mpc.Ipmu = [
	3	0.0131028	0.0131028	0.22223	0.22223;
	5	-0.125563	-0.125563	0.0602921	0.0602921;
	7	     0	0	     0	0;
	8	2.94664	2.94292	-0.630352	-0.63127;
	18	-0.246235	-0.246235	0.15115	0.15115;
	23	-0.0561851	-0.0562686	0.0343103	0.0342653;
	33	-0.0316387	-0.0316387	0.0317682	0.0317682;
	34	     0	0	     0	0;
	38	-0.119593	-0.119593	0.0978849	0.0978849;
	39	     0	0	     0	0;
	41	-0.053974	-0.0540555	0.0446241	0.0445631;
	42	-0.0585423	-0.0586298	0.0635735	0.063483;
	46	0	0           0	0;
	51	-0.156053	-0.156053	0.0862889	0.0862889;
	53	-0.179436	-0.179436	0.144361	0.144361;
	56	-0.0691307	-0.0691307	0.0435498	0.0435498;
	57	-0.0605937	-0.0606747	0.0397139	0.0396617;
];

%% RTU injection data (confidence intervals around measurements)
%	bus_i	P_MIN	P_MAX	Q_MIN	Q_MAX	V_MIN	V_MAX
mpc.RTU = [
	1	  4.09313	4.37056397	  1.08181	1.16082519	1.03648018	1.04322449;
	2	-0.0309358	-0.0288021465	-0.916523	-0.854792112	1.00684529	1.01323253;
	6	-0.778567	-0.721882302	-0.0116342	-0.0109033935	0.976182856	0.983659045;
	9	 -1.25389	-1.16851232	-0.245939	-0.229776843	0.976309187	0.983348518;
	10	-0.0519187	-0.0482733236	-0.0206042	-0.0192415478	0.983028375	0.990149377;
	12	-0.696226	-0.64673941	  1.01473	1.08571604	1.0115273	1.01817326;
	13	 -0.18568	-0.173141137	-0.0238701	-0.0222159691	0.975935582	0.982257685;
	14	-0.108905	-0.101616484	-0.0548236	-0.0508826196	0.966406658	0.973763316;
	15	-0.228678	-0.213144953	-0.0515799	-0.0481057855	0.98477697	0.991924809;
	16	 -0.44607	-0.416035628	-0.0309188	-0.0288301033	1.00984963	1.01678607;
	17	 -0.43274	-0.404482674	-0.082625	-0.0768496101	1.01408903	1.02092371;
	19	-0.034183	-0.0317368463	-0.00621676	-0.00581806667	0.966449386	0.973951212;
	20	-0.0237736	-0.0222691239	-0.0103885	-0.00969218253	0.960585459	0.96707261;
	25	-0.0654481	-0.0608490238	-0.0331916	-0.0309756649	0.979297729	0.985827894;
	27	-0.0958086	-0.0901058917	-0.00515302	-0.00481979943	0.978372809	0.985372762;
	28	-0.0476457	-0.0442421623	-0.0237745	-0.0222233943	0.993331622	0.999874372;
	29	 -0.17542	-0.163609756	-0.0269213	-0.0250782919	1.00637191	1.01334047;
	30	-0.0370887	-0.0346857028	-0.0186961	-0.0173648057	0.959702507	0.965895884;
	31	-0.0599728	-0.0558026309	-0.0301165	-0.0280886639	0.932336284	0.939011919;
	32	-0.0166265	-0.0154804279	-0.00824024	-0.00770083362	0.946349837	0.952762712;
	35	-0.0623888	-0.0579759144	-0.0310112	-0.0288952442	0.962913157	0.969296446;
	43	-0.0206183	-0.0192305117	-0.010364	-0.00964672512	1.0061018	1.01301927;
	44	-0.123665	-0.115535572	-0.0185575	-0.0173335186	1.01288589	1.02024565;
	47	-0.307407	-0.28649682	-0.120396	-0.112445264	1.02919113	1.036488;
	49	-0.186422	-0.173624751	-0.0876424	-0.0818503019	1.03220323	1.04025476;
	50	-0.216774	-0.201823057	-0.108171	-0.100968935	1.01930703	1.02651261;
	52	-0.0507127	-0.0472372712	-0.022832	-0.0211891392	0.976459161	0.983954839;
	54	-0.0423853	-0.0395018512	-0.0144408	-0.0135406363	0.992770939	0.999550822;
	55	-0.0701596	-0.0655779303	-0.0351711	-0.0327824744	1.02764563	1.03442079;
];

%% generator data
%	bus	Pg	Qg	Qmax	Qmin	Vg	mBase	status	Pmax	Pmin	Pc1	Pc2	Qc1min	Qc1max	Qc2min	Qc2max	ramp_agc	ramp_10	ramp_30	ramp_q	apf
mpc.gen = [
	1	478.663752	128.849628	200	-140	1.04	100	1	575.88	0	0	0	0	0	0	0	0	0	0	0	0;
	2	0	-0.754984179	50	-17	1.01	100	1	100	0	0	0	0	0	0	0	0	0	0	0	0;
	3	40	-0.90490135	60	-10	0.985	100	1	140	0	0	0	0	0	0	0	0	0	0	0	0;
	6	0	0.871401253	25	-8	0.98	100	1	100	0	0	0	0	0	0	0	0	0	0	0	0;
	8	450	62.0996012	200	-140	1.005	100	1	550	0	0	0	0	0	0	0	0	0	0	0	0;
	9	0	2.28837516	9	-3	0.98	100	1	100	0	0	0	0	0	0	0	0	0	0	0	0;
	12	310	128.630884	155	-150	1.015	100	1	410	0	0	0	0	0	0	0	0	0	0	0	0;
];
