function mpc = case300_SE
%CASE300_SE

%% MATPOWER Case Format : Version 2
mpc.version = '2';

%%-----  Power Flow Data  -----%%
%% system MVA base
mpc.baseMVA = 100;

%% bus data
%	bus_i	type	Pd	Qd	Gs	Bs	area	Vm	Va	baseKV	zone	Vmax	Vmin
mpc.bus = [
	1	1	90	49	0	0	1	1.02842015	5.96736574	115	1	1.06	0.94;
	2	1	56	15	0	0	1	1.03534039	7.7549745	115	1	1.06	0.94;
	3	1	20	0	0	0	1	0.997098674	6.65708109	230	1	1.06	0.94;
	4	1	0	0	0	0	1	1.0308118	4.72827003	345	1	1.06	0.94;
	5	1	353	130	0	0	1	1.0191091	4.70140239	115	1	1.06	0.94;
	6	1	120	41	0	0	1	1.03119612	7.00606218	115	1	1.06	0.94;
	7	1	0	0	0	0	1	0.993407714	6.20564604	230	1	1.06	0.94;
	8	2	63	14	0	0	1	1.0153	2.41527525	115	1	1.06	0.94;
	9	1	96	43	0	0	1	1.00338574	2.87085821	115	1	1.06	0.94;
	10	2	153	33	0	0	1	1.0205	1.36318128	230	1	1.06	0.94;
	11	1	83	21	0	0	1	1.00565721	2.48124373	115	1	1.06	0.94;
	12	1	0	0	0	0	1	0.997373202	5.23026693	230	1	1.06	0.94;
	13	1	58	10	0	0	1	0.997674375	-0.537103563	115	1	1.06	0.94;
	14	1	160	60	0	0	1	0.999169906	-4.79583792	115	1	1.06	0.94;
	15	1	126.7	23	0	0	1	1.03439126	-8.56699263	115	1	1.06	0.94;
	16	1	0	0	0	0	1	1.03158695	-2.62231908	345	1	1.06	0.94;
	17	1	561	220	0	0	1	1.06490618	-13.0847496	115	1	1.06	0.94;
	18	1	0	0	0	0	1	0.981923559	1.08870434	230	1	1.06	0.94;
	19	2	605	120	0	0	1	1.001	-2.4469348	115	1	1.06	0.94;
	20	1	77	1	0	0	1	0.975167954	1.63397476	230	1	1.06	0.94;
	21	1	81	23	0	0	1	0.996270178	-1.95994324	115	1	1.06	0.94;
	22	1	21	7	0	0	1	1.05009765	3.95145261	115	1	1.06	0.94;
	23	1	0	0	0	0	1	1.00565562	6.03302576	230	1	1.06	0.94;
	24	1	45	12	0	0	1	1.02335353	1.45276449	115	1	1.06	0.94;
	25	1	28	9	0	0	1	0.998577095	-1.72104002	115	1	1.06	0.94;
	26	1	69	13	0	0	1	0.975035262	-4.88256577	115	1	1.06	0.94;
	27	1	55	6	0	0	1	1.0245648	-12.0018741	115	1	1.06	0.94;
	28	1	0	0	0	0	1	1.04144101	-7.90090059	345	1	1.06	0.94;
	29	1	0	0	0	0	1	0.975687595	-25.6817335	115	1	1.06	0.94;
	30	1	0	0	0	0	1	1.00116986	-22.5188124	230	1	1.06	0.94;
	31	1	85	32	0	0	1	1.0201582	-11.21446	115	1	1.06	0.94;
	32	1	155	18	0	0	1	1.02031162	-12.5385775	115	1	1.06	0.94;
	33	1	0	0	0	0	1	1.05361061	-5.77304793	345	1	1.06	0.94;
	34	1	46	-21	0	0	1	1.02165472	-12.7608744	115	1	1.06	0.94;
	35	1	86	0	0	0	1	1.02928287	-10.4254025	115	1	1.06	0.94;
	36	1	0	0	0	0	1	1.04494412	-7.40650007	345	1	1.06	0.94;
	37	1	39	9	0	0	1	1.0007318	-16.7633605	115	1	1.06	0.94;
	38	1	195	29	0	0	1	1.00873503	-17.4310106	115	1	1.06	0.94;
	39	1	0	0	0	0	1	1.02164615	-14.6903429	230	1	1.06	0.94;
	40	1	0	0	0	0	1	1.03451483	-11.697007	345	1	1.06	0.94;
	41	1	58	11.8	0	0	1	0.977877377	-23.1630027	115	1	1.06	0.94;
	42	1	41	19	0	0	1	1.00195845	-16.1207191	115	1	1.06	0.94;
	43	1	92	26	0	0	1	1.04749941	-2.94453588	115	1	1.06	0.94;
	44	1	-5	5	0	0	1	1.02538774	-8.13465055	115	1	1.06	0.94;
	45	1	61	28	0	0	1	0.998003135	-11.8395	115	1	1.06	0.94;
	46	1	69	3	0	0	1	0.9960348	-17.5787614	115	1	1.06	0.94;
	47	1	10	1	0	0	1	1.00513492	-16.2223455	115	1	1.06	0.94;
	48	1	22	10	0	0	1	1.0151464	-12.1874588	115	1	1.06	0.94;
	49	1	98	20	0	0	1	1.03349014	-7.9659047	115	1	1.06	0.94;
	50	1	14	1	0	0	1	0.991822146	-5.9588855	115	1	1.06	0.94;
	51	1	218	106	0	0	1	0.978860103	-5.2524479	115	1	1.06	0.94;
	52	1	0	0	0	0	1	1.02471633	-9.51479968	230	1	1.06	0.94;
	53	1	227	110	0	0	1	0.990653649	-3.43318258	115	1	1.06	0.94;
	54	1	0	0	0	0	1	1.01603973	-1.06155602	230	1	1.06	0.94;
	55	2	70	30	0	0	1	0.9583	-17.5886179	115	1	1.06	0.94;
	56	1	0	0	0	0	1	0.94795568	-12.9355115	230	1	1.06	0.94;
	57	1	0	0	0	0	1	0.962697923	-26.4716652	115	1	1.06	0.94;
	58	1	56	20	0	0	1	0.951318457	-35.1237581	115	1	1.06	0.94;
	59	1	116	38	0	0	1	0.979390702	-29.8445659	115	1	1.06	0.94;
	60	1	57	19	0	0	1	0.969614244	-27.4412424	115	1	1.06	0.94;
	61	1	224	71	0	0	1	0.977610477	-25.7372863	115	1	1.06	0.94;
	62	1	0	0	0	0	1	0.996488299	-21.9430147	230	1	1.06	0.94;
	63	2	208	107	0	0	1	0.9632	-26.5029725	115	1	1.06	0.94;
	64	1	74	28	0	0	1	0.983787299	-24.9110077	115	1	1.06	0.94;
	65	1	0	0	0	0	1	0.990023387	-24.0346027	115	1	1.06	0.94;
	66	1	48	14	0	0	1	0.982012341	-25.0112784	115	1	1.06	0.94;
	67	1	28	7	0	0	1	0.987242422	-24.8171843	115	1	1.06	0.94;
	68	1	0	0	0	0	1	1.03412687	-18.7566941	345	1	1.06	0.94;
	69	2	37	13	0	0	1	1.025	-17.1477822	115	1	1.06	0.94;
	70	1	0	0	0	0	1	0.987112105	-17.7650624	230	1	1.06	0.94;
	71	1	0	0	0	0	1	0.99081794	-14.2479404	230	1	1.06	0.94;
	72	1	0	0	0	0	1	0.991953641	-7.79272937	230	1	1.06	0.94;
	73	1	0	0	0	0	1	1.01524801	-20.8668046	230	1	1.06	0.94;
	74	1	44.2	0	0	0	1	1.03172441	-11.1429144	115	1	1.06	0.94;
	75	1	66	0	0	0	1	1.02723076	-11.2348912	115	1	1.06	0.94;
	76	2	17.4	0	0	0	1	1.052	-9.4369864	115	1	1.06	0.94;
	77	2	15.8	0	0	0	1	1.052	-6.24389715	115	1	1.06	0.94;
	78	1	60.3	0	0	0	1	0.992945005	-9.44931558	115	1	1.06	0.94;
	79	1	39.9	0	0	0	1	1.01822439	-13.2870836	115	1	1.06	0.94;
	80	2	66.7	0	0	0	1	1	-14.6648617	115	1	1.06	0.94;
	81	1	83.5	0	0	0	1	0.989358457	-20.3752569	115	1	1.06	0.94;
	82	1	0	0	0	0	1	1.00598596	-14.5033283	115	1	1.06	0.94;
	83	1	77.8	0	0	0	1	1.00070765	-15.2925752	115	1	1.06	0.94;
	84	1	32	0	0	0	1	1.0287588	-12.118075	115	1	1.06	0.94;
	85	1	8.6	0	0	0	1	0.995736736	-17.4016288	115	1	1.06	0.94;
	86	1	49.6	0	0	0	1	1.02226693	-13.0017109	115	1	1.06	0.94;
	87	1	4.6	0	0	0	1	1.00946117	-16.0817834	115	1	1.06	0.94;
	88	2	112.1	0	0	0	1	0.99	-20.363463	115	1	1.06	0.94;
	89	1	30.7	0	0	0	1	0.975244728	-26.2916204	115	1	1.06	0.94;
	90	1	63	0	0	0	1	0.973212905	-24.9315806	115	1	1.06	0.94;
	91	1	19.6	0	0	0	1	0.974472916	-29.2739119	115	1	1.06	0.94;
	92	1	26.2	0	0	0	1	0.970155245	-25.4471109	115	1	1.06	0.94;
	93	1	18.2	0	0	0	1	0.976812033	-29.2091983	115	1	1.06	0.94;
	94	1	0	0	0	0	1	0.960282046	-13.548487	115	2	1.06	0.94;
	95	1	0	0	0	0	1	1.02486076	-12.666916	115	2	1.06	0.94;
	96	1	0	0	0	325	1	0.934828969	-4.69918419	115	2	1.06	0.94;
	97	1	14.1	650	0	0	1	0.929853059	-4.10157331	115	2	1.06	0.94;
	98	2	0	0	0	0	1	1.0435	5.18733838	115	2	1.06	0.94;
	99	1	777	215	0	55	1	0.958437324	-8.74920988	115	2	1.06	0.94;
	100	1	535	55	0	0	1	0.987111098	-12.614836	115	2	1.06	0.94;
	101	1	229.1	11.8	0	0	1	0.972796082	-14.3430693	115	2	1.06	0.94;
	102	1	78	1.4	0	0	1	1.00058793	-17.613437	115	2	1.06	0.94;
	103	2	276.4	59.3	0	0	1	1.0233	-13.4644599	115	2	1.06	0.94;
	104	2	514.8	82.7	0	0	1	1.0103	-18.4065071	115	2	1.06	0.94;
	105	1	57.9	5.1	0	0	1	0.997795453	-12.8426799	115	2	1.06	0.94;
	106	1	380.8	37	0	0	1	1.00012891	-10.5018036	230	2	1.06	0.94;
	107	1	0	0	0	0	1	1.00240611	-4.75589409	230	2	1.06	0.94;
	108	1	0	0	0	0	1	1.00282473	-4.37713752	230	2	1.06	0.94;
	109	1	0	0	0	0	1	1.01913583	5.57782548	230	2	1.06	0.94;
	110	1	0	0	0	0	1	0.986142347	6.07365107	230	2	1.06	0.94;
	111	1	0	0	0	0	1	1.00455115	3.06381636	230	2	1.06	0.94;
	112	1	0	0	0	0	1	1.00199833	-5.43899169	230	2	1.06	0.94;
	113	1	0	0	0	0	1	1.02207569	-8.02223598	230	2	1.06	0.94;
	114	1	169.2	41.6	0	0	1	1.01933725	-6.73394912	230	2	1.06	0.94;
	115	1	55.2	18.2	0	0	1	1.04758617	1.56301009	230	2	1.06	0.94;
	116	1	273.6	99.8	0	0	1	1.04708812	-1.43150739	230	2	1.06	0.94;
	117	2	1019.2	135.2	0	0	1	1.055	-6.33076932	230	2	1.06	0.94;
	118	1	595	83.3	0	0	1	1.01170852	-3.54473356	115	2	1.06	0.94;
	119	1	387.7	114.7	0	0	1	1.04299144	-3.41207716	230	2	1.06	0.94;
	120	2	145	58	0	0	1	1.051	0.0736474264	230	2	1.06	0.94;
	121	1	56.5	24.5	0	0	1	1.01550963	-2.74185275	230	2	1.06	0.94;
	122	2	89.5	35.5	0	0	1	1.0435	4.06183608	230	2	1.06	0.94;
	123	1	0	0	0	0	1	1.01610662	-0.660898527	230	2	1.06	0.94;
	124	1	24	14	0	0	1	1.00810603	-0.129941641	230	2	1.06	0.94;
	125	2	0	0	0	0	1	1.0528	4.34695237	230	2	1.06	0.94;
	126	2	0	0	0	0	1	1.0528	8.38900667	230	2	1.06	0.94;
	127	1	63	25	0	0	1	1.05771858	0.306248595	230	2	1.06	0.94;
	128	2	0	0	0	0	1	1.0735	5.25743035	230	2	1.06	0.94;
	129	1	0	0	0	0	1	0.986926461	6.3552045	230	2	1.06	0.94;
	130	1	0	0	0	0	1	1.00483265	4.15036106	230	2	1.06	0.94;
	131	2	17	9	0	0	1	1.0535	9.26393226	230	2	1.06	0.94;
	132	2	0	0	0	0	1	1.0435	10.4836482	230	2	1.06	0.94;
	133	1	70	5	0	34.5	1	0.966416833	-1.77572715	115	2	1.06	0.94;
	134	1	200	50	0	0	1	1.01772432	6.77435779	230	2	1.06	0.94;
